901
917
1992
2888
409
2766
1077
724
1223
2232
1601
2103
1193
1832
1126
90
1652
2774
288
2330
2739
2147
2204
2419
2225
2977
1730
560
1984
2783
1851
11
508
1025
2231
2188
890
2926
678
1650
2741
1810
1576
637
2185
1897
2274
611
2883
2359
1725
2692
2084
1581
854
2798
1227
2197
753
345
2680
720
132
410
1067
2282
1493
1276
1095
1945
2619
214
1071
618
859
392
911
1462
740
2252
191
1482
1319
897
2580
2020
100
792
1528
1029
1511
1181
1080
824
1226
915
2312
1299
148
817
735
1784
2575
120
1082
2694
276
1432
440
122
363
2851
2936
1195
23
307
4
1893
1107
604
461
1491
314
2528
285
2647
1740
1178
880
2620
360
787
289
2779
2005
2490
2940
2495
538
1574
2686
482
1892
1300
372
337
2333
700
1866
190
2792
2096
593
171
2007
1337
1102
1068
131
340
432
797
1222
2911
2400
961
2552
918
1962
2480
799
1366
2171
841
2583
1455
781
1862
417
1359
1398
434
172
1852
2820
2470
1413
1330
1845
485
164
2331
1562
1303
855
2264
147
2621
226
2554
2568
884
1322
1501
2455
2782
716
1707
1045
1735
456
2058
204
2865
1804
2113
1003
1727
251
2242
2927
2549
91
1546
256
1881
625
2738
2728
674
814
2642
2709
502
1142
2313
1803
2637
821
1094
2990
2923
470
2561
1512
1520
130
2416
1649
2071
2176
1000
923
946
2337
772
2800
694
835
114
2847
951
2501
2537
1401
362
2523
971
2762
557
671
582
1484
1345
1900
2192
1882
1752
1446
639
2809
1367
2622
2610
1502
838
1545
1383
387
1274
2321
2702
2041
2605
1335
2875
974
864
84
2474
1448
1913
2145
626
510
1853
319
970
585
2022
882
1896
973
2700
1098
2677
1991
589
2759
939
2432
1959
1451
2371
535
1365
477
2064
1350
2017
1791
200
1225
271
1592
2289
1261
2683
2479
236
1743
2033
47
196
1627
2557
595
513
2322
404
2937
1830
1030
1531
1584
1641
1825
421
1633
1146
2309
658
2736
1508
1801
1358
642
49
2426
2367
1081
2329
1050
1585
246
195
1416
2812
607
1205
2818
40
341
906
1816
73
1035
2486
1477
1305
800
2155
1946
909
2663
2585
734
1764
2604
129
143
2695
2401
1229
1602
1057
996
324
1986
1879
2616
942
2615
82
2516
2586
2131
2948
652
1460
2790
1907
930
2494
2458
245
430
1293
2808
789
279
992
1127
619
1200
963
2796
1850
561
2843
1259
83
2009
1092
2513
928
602
1289
356
529
1182
940
682
1971
1481
298
488
50
647
521
780
2295
1877
2565
261
1023
249
2509
225
2850
2492
2639
1278
2640
2319
1456
2126
397
2746
367
2469
785
411
1943
1993
2643
390
2365
2090
853
1861
1864
998
104
1605
2044
1062
1974
17
449
62
2206
2703
1442
1022
1838
1594
2247
925
1352
857
2010
1291
405
2118
71
1128
2357
1420
701
568
2485
2717
10
2181
2588
1767
1854
1409
465
2631
836
141
1863
641
2190
2120
712
1060
318
1857
2761
540
2363
1490
1463
1557
546
1282
2129
1228
1189
648
871
1011
1461
1812
2399
1921
2596
1301
1109
1224
422
1177
2273
1912
1376
1968
1167
2015
2370
2139
2656
900
216
1710
549
74
2939
1215
1185
1007
3006
1673
1281
1099
1202
2855
1428
142
2813
2412
1286
2464
1
2414
234
2863
1467
686
1492
592
2901
558
567
2026
201
2767
1952
830
1497
2570
1674
1723
2308
1475
1612
1815
2427
2201
1969
754
1982
399
2706
9
2462
2473
1310
2558
2269
2840
1028
2827
750
1930
1798
2967
2531
1002
2714
2856
426
2060
2842
1216
76
2314
1870
1590
2114
843
86
2275
1908
1916
45
2472
2398
1515
1973
2187
1369
283
2092
1819
1509
938
845
1941
128
1119
2864
413
2829
274
1570
766
2499
2099
3000
227
126
1039
1648
350
1032
2444
2969
1695
1465
692
2332
2664
1843
2603
2154
389
1756
1292
885
2296
2823
452
1865
1637
832
685
1155
1569
2023
1558
1412
278
1700
612
2186
956
2804
689
65
1706
1702
2933
1088
264
650
1619
77
1260
2720
913
2429
2928
272
2230
2056
2262
12
1768
2397
1532
1043
2112
2439
466
462
1963
2587
365
837
1479
1333
1174
2100
1678
436
3003
2325
42
1883
1553
2335
1990
1694
679
2143
1988
14
2930
2963
498
1744
2904
2086
2814
2740
571
1372
1926
2542
2900
1899
1653
181
3011
2250
1306
777
294
588
1415
2548
2459
1176
211
1534
1331
1449
1842
154
1876
2226
988
1608
2050
931
803
2690
303
1571
2042
221
982
168
2030
3007
490
910
425
1317
1610
926
379
121
1495
344
1964
2097
2169
222
2682
268
366
1017
2079
600
312
590
1716
1860
2788
286
2522
1302
374
1144
523
2978
815
495
687
1264
2115
467
1100
1103
2461
2611
1749
2355
2306
839
457
2407
578
929
811
1253
2786
1586
2770
2723
570
2477
61
1348
137
1132
2890
2893
59
2165
1689
310
1680
1312
2560
1382
2483
1566
2601
710
375
1543
587
2121
1470
1207
1436
2174
713
1536
1638
2195
1151
1742
562
1667
281
2446
2781
563
1238
89
459
2063
784
424
958
794
2878
2648
2742
524
2223
631
1130
499
2368
1268
69
969
1940
1183
2997
1049
2576
1232
2119
2443
217
616
270
240
2390
2080
175
1361
2418
2661
768
1759
2684
2873
2518
2268
361
1072
2440
254
2806
2032
820
1736
177
301
206
556
2921
967
609
547
606
2338
763
2630
1476
70
198
2287
1665
287
1856
2382
2564
1671
293
1262
2150
393
669
253
1814
507
893
2024
448
2031
2613
1042
2075
566
1503
1626
849
349
2681
435
1349
2758
1118
1257
1560
818
2500
2658
1074
976
243
22
1267
2635
848
790
304
173
904
2163
771
733
1769
1588
1051
138
348
1162
866
2685
27
1392
1997
1691
545
2109
260
1110
1468
2711
1518
2403
192
2219
2733
767
1890
2949
1318
1148
1669
1643
1505
2384
605
2983
1069
2719
1353
1141
1591
3
736
1014
2957
451
1208
773
2545
1868
2276
683
1944
380
2659
2133
338
6
1790
125
1818
1599
517
1989
875
1898
250
1214
892
197
2707
1496
2146
2520
305
850
1059
189
2000
1888
1559
290
2931
203
1607
649
1904
1065
1751
2539
280
2085
2793
2581
1718
2534
19
2193
97
2491
2834
719
1053
979
2841
205
2166
2563
2408
2430
1662
2466
28
1927
2862
2651
1429
2356
693
2253
1194
743
2301
1758
2257
2805
2571
67
1405
2951
64
945
1891
228
688
269
2955
2979
1734
1720
2001
808
2405
2449
676
966
1547
352
705
2701
986
696
1631
1426
473
178
326
3005
259
515
984
895
1179
1587
1858
788
302
2053
2787
1761
2354
1164
2110
2267
2941
384
1234
1548
1685
1474
2182
518
542
1388
1872
1198
332
2070
1285
2942
2784
903
1419
1041
369
476
408
1679
1978
778
230
2713
681
213
311
1277
978
1875
1027
368
1247
516
1826
1530
2137
33
727
2919
2052
2511
1117
891
1658
1220
675
2909
2089
1785
2799
5
898
829
1654
1855
757
2743
943
2959
2132
2732
2675
874
2546
1327
509
574
1938
2409
783
2884
2345
2947
1037
2718
1953
273
1048
219
2507
2369
330
739
2665
1249
1922
2423
487
698
1731
534
2510
414
779
2294
1016
2040
2318
1096
1012
810
876
184
1308
1693
1188
2671
1411
2487
1124
1833
2502
721
2014
1450
2167
185
1139
709
1236
632
1273
1776
2481
1813
443
238
2858
75
1746
2254
1739
2144
1015
55
662
1378
1332
527
1422
2170
3001
1775
1821
1524
127
231
2870
1255
1800
99
2832
239
2311
1514
1513
1356
2191
2636
920
1464
66
2283
1329
1143
159
1288
579
1822
769
989
633
1788
1820
2920
265
1779
357
620
31
706
569
643
2346
657
182
1355
113
1417
353
1704
1036
13
445
1661
423
232
364
624
1575
2149
576
229
883
1423
1539
1713
2592
1078
1918
383
2744
237
983
1434
673
2243
729
343
2905
2046
1956
2566
2992
851
78
2292
2654
1203
1690
635
1777
896
1173
94
2803
1076
2151
1958
1797
252
2161
297
2670
2794
2757
2958
2454
1905
2536
1580
2526
2215
2061
2708
1266
1909
2772
1923
860
2173
861
2016
322
2051
309
1549
1828
1796
670
355
44
1961
1686
1780
1957
1354
371
1156
1466
2972
1967
402
2383
1494
419
1979
2317
1827
2748
458
834
1437
1578
2598
1363
1538
1942
2693
1047
48
1252
484
2213
2773
1620
1699
2811
1473
2538
822
2929
395
993
2421
1364
2727
2045
2752
2710
1373
868
2389
1114
774
2073
881
1368
505
2094
991
2641
2879
828
1878
1121
194
2471
331
690
950
183
1628
2524
2802
2795
2589
2961
962
446
2839
2996
2422
282
695
2290
1271
2395
2013
2175
478
2988
559
1894
1507
2360
2646
2349
2106
2582
1771
193
1315
1184
1104
2925
2866
313
908
1105
1817
2885
135
879
2751
1834
1533
68
306
1498
1955
2869
608
1911
2816
1995
865
2831
2107
342
2057
2456
1554
1120
703
474
1977
2270
2777
512
2036
2512
2908
1400
400
2697
539
1598
2776
2974
1568
2506
816
1129
1404
1642
2810
1246
134
995
1328
139
2881
2434
233
2871
2298
1840
672
2255
1623
2003
2544
1163
707
1806
224
2551
266
1629
599
109
2168
2342
2573
2624
1112
2217
1577
455
553
2934
2836
2634
388
1357
1618
1218
1160
1675
2852
1722
514
2336
699
2104
140
1433
919
504
1399
1038
1537
2887
819
796
1595
2375
615
1765
1604
2341
1555
1324
2807
2771
284
1243
1211
1031
2995
1763
2012
1799
1849
491
1889
1427
1454
136
554
2848
636
486
1210
1410
2180
2211
394
3010
1766
536
677
2208
87
2224
2763
382
2037
381
525
680
1839
1297
248
809
2724
1197
7
2263
1001
2088
2556
2424
1692
1762
997
1593
1624
2468
2628
1717
2789
2962
2261
1987
1709
1242
2105
1351
378
2687
1196
2025
2259
161
36
999
812
167
2976
492
2293
43
316
335
2379
2567
2910
1026
2248
503
1750
2579
2436
2721
2673
1044
664
831
1040
668
460
2577
1663
2404
1079
1275
1609
493
528
166
1004
2986
2555
715
2914
742
2638
531
2833
2433
555
2134
2067
802
46
325
1529
2279
1111
153
2156
2205
1407
2392
2835
520
1341
663
1999
2754
2725
101
1217
1245
1919
2897
2157
1240
2260
1445
1020
3014
2644
1375
1058
651
2882
2484
526
1994
1453
2530
749
108
1966
952
1682
300
1064
2351
2838
2340
2722
1251
1970
0
81
8
1280
180
2004
1244
1668
1248
1256
1981
377
1431
596
2791
1931
1807
160
2221
469
2452
1782
1457
2240
1527
275
1542
1408
1269
1844
1823
2098
601
1831
2238
158
2362
2669
2503
1384
2591
1640
522
1975
2633
2627
1647
146
1377
1478
1670
2514
2148
1021
2943
511
2691
149
2059
418
207
1696
2457
738
1387
2696
1233
941
1209
741
2845
2394
2286
2128
2889
2535
552
1848
209
1874
1294
1808
2435
1440
806
1213
2095
2272
496
960
1781
1265
1133
1859
2216
1772
1917
2617
1770
2618
2482
257
1414
2666
2008
2668
1867
1802
1552
2688
2819
1954
25
1521
156
162
2347
1902
2072
1344
1309
157
1639
1212
2323
2019
1089
2912
954
2227
1439
220
2519
2612
2652
2194
1108
1116
684
2271
2944
1005
144
2350
124
1660
2780
1526
1321
1386
1925
468
2006
1054
1600
833
1135
483
16
936
1009
1154
2508
2755
1313
2034
1336
1279
479
2235
1573
2202
1084
1920
2698
2960
2950
334
1556
775
1837
1753
1934
801
2277
347
1145
1175
1928
2420
433
1087
267
2101
2417
2824
627
2245
34
2857
623
1998
442
550
1935
1924
564
2413
2953
506
622
2764
935
782
1745
1681
199
2854
965
2860
959
2334
255
2778
537
1444
968
370
1237
1522
644
964
551
581
2082
2768
1421
145
2607
1424
886
2540
1168
117
2594
573
2569
629
1846
133
1441
2373
2093
2674
726
2935
862
403
653
447
798
401
2316
2288
1150
1406
1296
1385
2867
1683
2946
2039
933
2504
2876
725
2645
1425
2437
1263
1550
2735
2625
1295
2906
530
1390
53
2339
1113
437
2
188
1932
944
2872
1715
2653
2679
1603
396
431
2460
1008
2448
1488
1729
1138
2922
2442
2667
614
2214
1153
2284
746
1929
1793
2002
32
315
2078
2111
826
2324
1469
463
1646
1965
2348
842
2915
428
1721
1483
2916
406
2874
1621
791
1086
2203
2411
708
1362
2821
373
2894
747
2970
646
2902
1052
1346
2178
2898
873
2517
93
2228
242
543
1307
103
2387
212
1091
2177
1565
63
666
751
1516
2837
2130
1471
823
1886
613
354
2377
2533
1159
1773
1708
1106
333
439
292
847
2715
2048
1939
241
2378
2172
111
654
955
52
1657
1672
2632
603
659
1728
2304
2543
2899
1869
92
2760
2353
215
223
937
2281
2815
634
2328
1985
1615
475
2087
2124
2529
2532
2074
2158
1389
107
1290
1733
1630
1360
1486
453
327
102
2699
2381
2756
2849
922
2083
2769
717
1561
441
1254
594
1046
1666
2797
2775
1809
359
1161
1221
20
1066
519
1396
1325
1083
2265
985
2822
2599
24
905
2011
2159
2102
1910
977
714
1895
656
899
2184
2993
37
494
907
1915
2445
2142
2712
472
1684
1013
584
1887
2541
2907
1394
2465
2140
628
1645
1125
1787
386
2366
1611
1122
1443
1340
1836
737
1519
1201
1937
321
533
296
1541
661
758
1283
867
329
980
2076
813
2327
1070
2358
95
1582
3008
870
1871
106
2066
2450
1140
1724
2069
57
2750
1452
2077
2055
744
1885
1158
975
41
532
2297
2447
1747
1980
2299
2730
1687
2590
320
1316
795
291
934
208
2678
2049
858
98
1314
2388
105
2391
1231
1567
887
2608
1170
427
1447
1381
2199
723
1506
2410
151
1936
351
2135
1093
765
2431
1983
1418
2726
110
299
638
2734
1947
2402
3002
1732
323
2320
2493
2572
1323
1304
2236
2302
2315
1614
2584
1190
2689
1097
1711
1829
2256
1510
471
2249
722
2704
480
1258
2550
202
846
2880
500
2765
358
1149
1972
1131
2826
2964
1380
630
786
2989
2896
501
1172
79
150
1688
1579
2475
2108
2903
1596
1391
3013
1903
1489
2655
2393
702
1056
1374
1783
1677
655
1395
1435
444
1480
1371
1019
1760
1636
2597
804
947
665
921
15
1884
385
1523
2343
2200
844
577
1544
176
957
438
1835
1343
1334
376
732
621
88
2380
2164
1976
1187
2451
718
2629
1284
1755
2038
1018
759
72
916
548
731
1342
2657
981
2453
953
2716
948
2162
454
210
39
2027
2068
1714
1634
163
35
2886
1748
856
2396
179
1347
1152
165
2241
2945
1165
2021
116
902
235
346
1778
667
2623
2251
2234
58
1115
2123
2280
2463
762
2428
1430
1134
2029
336
972
597
825
1792
29
1147
1960
1235
2747
2065
2980
760
1517
840
263
1055
186
2877
1338
1006
51
2244
2859
2246
2386
2600
2116
2415
1136
2054
2496
1186
2985
764
258
96
1137
2606
586
2749
2062
1320
2991
2846
1847
2574
420
1625
2650
1632
2028
1403
2999
1024
412
1485
3012
1500
2198
1786
2212
2614
1950
2498
580
704
247
2917
1438
872
2705
2602
1379
80
1063
889
2091
2136
416
1949
1487
2081
1123
1659
2488
1676
1090
770
2138
85
2476
2310
2994
1914
2467
1061
1698
1741
752
1664
598
1789
1192
30
1697
1157
1326
262
793
2968
912
1616
277
2438
1873
617
1805
660
1774
730
994
888
26
152
2207
1239
2152
2425
2047
317
2372
18
2364
2547
2160
2753
1230
1617
1166
1033
2737
2305
2233
1906
1726
2478
489
2406
914
497
2189
2385
1073
1459
2374
60
1010
776
2844
2266
2676
2987
2595
407
1370
339
1901
2127
2861
2562
869
2966
1499
2745
640
1472
591
2179
391
932
1298
1948
2285
54
464
1705
1824
1393
745
1551
308
2853
2521
2891
1191
2973
1589
2291
2892
1525
398
761
1656
1270
2222
2515
1219
1563
2361
1635
1311
415
2828
2527
1754
2141
2018
21
2660
1795
112
2258
2662
852
1606
481
2998
1540
1651
170
1272
544
1583
2303
2868
2237
2525
2278
1085
2300
2125
2626
711
174
1880
56
1712
1794
2729
1204
1757
1199
1933
2825
2043
2153
1171
748
807
1811
1101
863
1034
2326
878
1572
645
572
990
328
1169
2593
2196
1250
565
169
2559
2817
2122
1951
2975
115
1535
2307
429
1622
2938
2035
218
1996
2489
927
123
1644
1397
118
450
697
1241
541
1841
1180
2441
2505
2649
2578
1564
1402
987
1703
2785
2609
827
2117
2497
1655
805
756
691
1597
610
2913
894
1075
1287
1504
2376
