2796
77
43
145
78
452
230
345
576
28
154
269
27
456
85
165
601
319
42
51
418
1065
300
530
14
242
1393
229
185
54
566
125
997
444
2576
1733
363
285
215
809
324
326
289
102
201
9
662
1188
807
679
428
212
1242
288
0
302
1252
455
226
1398
613
760
557
939
254
675
2772
61
883
195
210
275
426
667
176
1221
29
857
281
343
609
828
48
314
404
10
594
998
562
202
579
405
50
105
519
87
403
350
99
1235
563
526
2462
24
122
4
259
205
595
173
922
246
685
134
543
198
2921
445
250
1
480
37
352
81
952
505
255
186
73
21
1849
698
7
690
709
2100
1327
1840
409
23
980
507
150
1059
321
49
182
2358
70
1181
1340
227
600
458
1804
1098
463
264
542
309
802
193
84
299
892
764
486
620
1259
375
1331
1079
631
732
340
252
1461
756
985
940
822
503
1254
763
330
1180
56
1110
489
979
96
1901
113
636
457
1114
1009
1063
684
1721
673
800
1289
1138
179
92
1036
1217
865
1356
15
1584
209
128
258
101
599
632
666
931
274
1067
2368
1608
1472
951
874
310
574
216
207
278
57
1861
796
67
243
867
347
83
788
1044
443
1442
45
590
1846
1363
1838
1196
1096
2283
424
695
1170
1521
41
2500
1265
494
192
338
2911
59
127
1280
547
498
1087
423
2482
767
854
470
461
1195
239
181
437
315
518
1376
963
1014
749
1324
1135
950
1159
238
658
2038
1864
72
797
298
1129
1567
247
329
440
88
391
89
1194
417
1119
1055
1523
694
1117
1404
1182
473
627
1130
1070
191
31
851
63
569
107
353
121
1154
348
36
276
548
1111
222
104
640
1112
967
798
1123
1473
588
152
1802
71
97
651
327
1134
525
419
536
839
663
22
813
897
439
1839
545
555
593
80
1416
585
838
170
1889
811
647
1483
2124
2414
1896
1629
189
1002
1601
1555
517
1603
178
346
805
296
1440
1631
490
537
1401
58
1382
652
256
877
297
570
344
272
947
467
744
292
1176
406
156
271
1041
937
8
1345
1316
903
901
1058
413
626
1390
769
366
1020
1204
2058
1446
1748
351
1052
332
1671
2062
654
722
197
1223
1281
592
697
2489
313
1626
896
1734
1400
1225
2171
236
711
141
715
1365
944
723
75
304
397
514
153
1492
843
761
1454
2488
425
355
311
1688
86
1213
2285
265
1825
1046
520
369
1001
926
364
214
336
728
475
823
847
441
1575
777
493
1201
1132
371
112
199
1296
1676
970
1034
725
2405
1108
746
1240
1095
1035
1075
1051
1018
983
1684
482
1179
840
933
2912
814
44
367
923
762
1399
1714
1876
434
845
218
481
880
1384
1379
2287
2419
325
203
702
992
161
2051
623
1153
1520
1987
144
957
1392
552
307
2110
625
945
2841
818
571
1215
629
650
850
1192
385
700
680
2523
1553
40
758
2007
200
465
1796
2487
1786
591
1895
393
387
2861
1092
1156
894
1163
515
2039
1686
516
750
1073
1654
1209
739
2738
1649
1418
582
241
431
1099
916
341
934
1884
607
1475
540
334
618
804
1214
734
129
943
148
372
791
1500
1109
492
1047
1307
1906
1013
1423
306
1267
1512
553
527
1699
1425
1506
743
699
1144
1212
862
678
768
1023
954
899
303
955
159
792
1495
860
160
793
1388
1544
1942
407
421
965
1467
1643
2065
108
930
126
100
1791
538
1923
1341
151
158
499
946
415
308
221
772
615
608
1980
1516
106
638
1693
1602
1773
496
479
1077
799
1115
266
466
378
1616
1136
301
935
1271
2475
757
604
1362
848
476
782
687
1357
245
1089
485
531
1972
567
1294
453
1650
1031
719
1292
462
986
1121
208
1886
384
286
2116
738
884
689
2495
116
373
1619
677
550
1185
1200
1450
1104
863
1183
1302
1871
1881
1445
622
66
2010
380
564
2115
780
1387
716
999
2319
1239
1162
1086
648
568
1033
251
713
139
1337
1010
786
870
1219
1177
2758
1383
956
1288
1522
1843
1694
2483
2385
688
754
322
2585
1554
1501
910
1005
1366
1057
280
2108
1275
1545
2470
891
2192
237
984
1964
1704
2394
1588
484
1246
948
337
1268
76
1060
1313
781
729
1250
721
528
1158
669
692
2106
427
1793
2369
1581
1006
1222
82
232
770
1042
1184
664
1171
1457
1614
506
388
263
2958
2524
1000
2611
1208
616
1081
2070
535
1318
1661
2003
1725
908
414
628
2024
2327
1459
1155
1604
1346
982
612
1263
1191
119
478
544
976
1766
2182
1166
2189
1105
1460
147
765
773
412
888
911
124
1353
2316
521
1754
2288
1873
1966
1776
534
1007
399
1286
1792
500
1249
1021
1828
491
936
819
2875
131
1756
1241
787
522
