0
1
2
3
4
5
6
7
8
9
10
11
12
13
18
19
20
22
23
24
25
26
27
29
33
34
36
40
41
42
43
44
46
48
49
50
51
54
55
56
59
60
61
62
63
64
66
67
68
72
74
77
78
80
84
85
87
89
92
95
96
97
98
101
102
103
104
105
106
108
110
111
112
115
117
118
120
122
127
128
129
132
133
134
135
136
137
138
139
141
145
146
152
153
154
167
170
172
173
174
176
177
178
179
180
181
184
186
189
192
193
196
198
199
201
204
205
207
208
209
210
211
215
216
221
222
223
226
228
230
231
236
238
240
242
243
245
246
247
249
250
251
252
253
254
255
258
259
262
264
269
270
272
274
275
276
278
279
281
283
285
286
288
300
302
305
310
318
323
326
330
333
336
337
338
339
343
344
345
346
348
351
352
353
362
364
367
369
373
377
383
387
388
391
393
403
409
411
414
417
424
425
434
443
455
463
467
488
494
499
505
506
523
529
540
542
543
555
576
578
579
582
585
587
594
599
601
623
627
631
644
657
662
675
679
681
687
709
782
791
799
802
807
831
854
954
965
984
997
1002
1036
1059
1079
1081
1096
1111
1121
1194
1204
1221
1242
1283
1289
1327
1331
1501
1521
1555
1614
1619
1654
1721
1729
1820
2003
2007
2401
2403
2875
14
15
17
21
28
37
57
58
73
75
76
81
86
88
91
100
121
125
126
147
150
156
158
160
164
165
182
183
185
191
197
202
203
212
218
219
227
229
239
241
256
263
277
280
289
292
294
296
301
303
308
309
311
313
320
321
329
340
347
350
361
363
370
371
372
375
380
399
404
407
412
413
418
423
426
428
437
439
440
444
445
452
456
458
465
470
476
478
480
481
486
491
492
503
507
515
517
519
520
521
525
526
530
531
544
548
553
557
560
562
564
568
570
571
590
592
600
609
612
613
616
632
640
663
667
678
680
685
690
695
697
698
711
713
715
716
719
721
723
728
729
732
734
735
738
743
744
746
749
760
761
763
764
769
772
780
805
809
811
813
814
822
828
840
851
863
867
874
877
883
892
901
903
908
910
911
916
922
923
926
931
935
944
963
967
976
980
986
1010
1014
1020
1021
1041
1060
1065
1070
1075
1087
1098
1109
1117
1119
1129
1130
1135
1138
1144
1153
1159
1163
1182
1183
1184
1188
1192
1196
1213
1214
1217
1219
1235
1252
1259
1264
1281
1324
1353
1357
1376
1387
1393
1398
1401
1404
1415
1418
1440
1442
1446
1457
1473
1523
1575
1601
1608
1626
1643
1650
1714
1733
1766
1840
1876
1889
1895
1896
1901
1923
1991
2038
2039
2051
2065
2070
2124
2129
2171
2206
2368
2394
2460
2470
2482
2576
2796
2849
2911
2912
2958
99
689
82
83
473
566
1472
322
421
536
563
804
998
1018
1051
1055
1280
1629
45
159
237
304
498
574
850
896
936
985
1170
1209
1704
1861
2642
518
31
1007
107
119
195
397
441
462
538
620
664
750
891
1034
1052
1112
1365
1802
951
992
1067
1136
1181
1302
1475
200
431
214
161
384
615
341
70
71
113
124
131
232
265
271
298
299
307
314
315
319
324
332
355
366
378
385
405
406
415
419
457
461
466
475
479
493
514
516
522
534
545
547
550
567
569
588
591
595
618
625
636
638
647
650
651
654
658
673
677
684
699
700
702
722
754
757
762
765
787
788
792
793
797
800
839
843
847
857
865
880
897
899
933
939
945
946
948
952
955
956
957
979
982
1001
1009
1013
1033
1046
1073
1099
1110
1114
1134
1171
1176
1180
1185
1191
1201
1208
1212
1215
1223
1225
1239
1250
1254
1265
1267
1275
1286
1292
1340
1356
1363
1383
1388
1392
1399
1454
1461
1492
1520
1553
1584
1649
1694
1776
1846
1987
2058
2283
2285
2319
2489
2524
2861
669
756
848
1154
1316
1495
1567
1684
1791
2100
2108
2316
2585
2772
2841
2921
148
1804
144
490
607
629
648
652
694
786
950
970
1362
1445
1483
1725
1838
2287
427
537
1241
818
1240
1249
1343
266
823
862
1077
1105
1307
1346
1379
1500
1616
608
297
666
688
943
999
1263
1268
1671
1158
1676
151
489
527
552
593
604
626
628
725
758
767
798
888
894
937
1006
1063
1450
1748
1884
306
870
485
777
1296
1425
334
496
622
739
773
884
1031
1086
1089
1095
2500
535
1177
983
325
940
1382
1839
2358
1057
528
819
930
1042
1123
1686
1693
484
1047
1132
1416
1581
1966
2182
1828
1871
1873
2405
1023
1864
2483
1179
1058
1288
2414
116
1044
2462
1467
768
838
1166
1603
2116
1843
1000
947
1271
1337
1964
327
500
692
770
796
1005
1035
1155
1195
1200
1345
1384
1459
1460
1506
1631
1849
1980
2010
2115
2189
2488
2495
2523
453
482
781
845
860
934
1092
1104
1108
1156
1162
1222
1246
1294
1318
1341
1366
1390
1400
1423
1512
1516
1522
1544
1545
1588
1688
1734
1754
1773
1792
1825
1942
2106
2110
2327
2385
2419
2475
2611
1313
1886
1906
2062
2024
2288
1602
1972
2758
1604
1881
1115
1554
1699
1756
1786
1796
2369
1661
2738
1793
2487
2192
